2.945804
2.91075
2.883896
2.657838
2.877675
2.803567
2.991818
2.68179
2.359712
2.944436
3.095334
2.849538
2.753494
2.985578
2.661407
2.898415
2.959233
2.766683
2.856003
3.391608
2.84997
2.112076
2.750001
2.855238
2.617428
2.555039
2.638207
2.927485
2.883695
2.918605
2.693039
2.832999
2.737672
2.746859
2.957191
2.709261
2.985039
2.769393
3.121782
2.627189
2.555311
2.671781
2.771881
2.720768
2.757913
2.716139
2.528858
2.703994
2.741002
3.118665
2.803648
2.563838
2.679392
2.8626
2.877916
2.660112
2.82309
2.815444
2.805863
2.801917
2.68275
2.664331
3.141223
2.534336
3.116493
2.794429
2.880642
2.727306
2.860104
3.004751
2.692709
2.627614
2.396528
2.847547
2.633747
2.523558
2.771869
2.812947
3.156993
2.900334
2.620509
2.98842
2.785732
2.766506
2.705132
2.826481
2.774786
2.804837
2.900564
2.73834
2.846233
2.492809
3.228299
2.614226
2.428195
3.166726
3.131138
2.78168
2.975861
2.782421
2.829749
2.872306
2.577858
2.996014
2.670317
2.534233
2.713076
3.040037
2.637192
2.759916
3.039478
2.912179
3.219829
2.547564
2.942501
2.411794
2.883146
2.783202
3.059888
3.168258
2.504039
2.755506
2.686412
2.846844
2.74019
2.511458
2.756831
3.00623
2.33596
2.43343
2.346628
2.850458
2.603641
2.636193
2.406425
2.949184
2.916367
2.826302
2.958657
2.918879
3.17804
2.451811
2.877333
2.946245
2.769389
2.714977
2.735273
2.937601
2.80282
3.044403
2.838827
3.29798
2.791982
3.079256
2.816063
2.844994
2.793148
2.79836
2.673816
2.695784
2.552828
2.560861
2.94815
2.821477
3.122049
2.705084
3.003479
2.702216
3.009462
3.125991
2.858929
2.804089
2.571041
2.5158
2.566841
2.863638
2.627392
2.727022
2.812154
2.685215
2.772056
2.834708
2.655556
3.062876
2.938575
2.644703
2.894641
2.896949
2.974007
3.064246
2.553069
3.128176
2.576351
3.121221
2.722604
2.924836
2.708587
2.927753
2.696914
2.601063
2.897109
2.799779
2.807557
2.999394
2.655971
3.277582
2.926471
2.528825
2.403495
2.508752
2.546707
3.101824
2.305468
3.172482
3.027249
3.383617
2.732709
2.847525
2.845586
3.100068
2.333331
2.616364
2.952902
2.696381
2.761547
2.960897
2.514881
2.471235
2.540749
2.953351
3.313787
3.027918
2.789213
3.040327
2.926153
3.021706
2.801818
2.570767
2.76261
3.002751
2.70428
2.732361
2.760782
2.655447
3.059059
2.936318
2.869296
2.703888
2.844574
3.064529
3.213884
2.774628
2.711686
3.171478
3.133261
2.4933
2.611248
2.752752
2.866124
3.085936
2.4147
2.481975
2.600717
2.861339
2.72357
2.606511
2.916158
2.635653
3.036526
2.852602
2.606214
2.709647
2.672299
3.021851
2.522342
2.984418
3.013982
2.733763
2.759806
2.563246
2.942338
2.860283
2.448463
3.178635
2.760895
3.160367
3.072771
2.664614
3.272012
2.84992
2.982331
3.151833
3.274521
2.934969
2.873596
2.602182
3.149178
2.932322
2.609341
2.881978
3.04529
2.932513
2.680529
2.359922
2.586868
2.544806
2.784942
2.66623
3.051747
2.552116
2.822254
2.365982
2.803496
2.790597
3.187448
3.075694
2.597174
2.507088
2.868711
2.737322
2.742348
2.798082
2.621366
2.544263
2.812656
2.831053
2.801073
2.753971
2.818399
2.833995
3.010138
3.116275
3.10478
2.996549
3.146209
3.072872
2.698777
2.61732
2.765827
2.629936
2.972834
2.793665
2.679095
2.535537
2.656499
3.126518
2.585733
2.583267
2.838627
2.839148
2.678434
2.534831
3.019196
2.880195
2.900133
2.408866
2.688835
2.627435
2.537629
3.219484
2.593444
2.424126
2.892531
2.808055
2.994982
2.758905
2.570417
2.820255
2.773919
3.159418
2.819123
2.850499
2.866856
2.402163
3.019994
2.938059
2.946254
2.792739
2.666676
2.491878
2.99187
2.926847
3.033801
2.944173
2.923651
2.810265
2.684779
2.655803
2.852842
3.097897
2.340272
2.795179
3.032246
2.868063
2.513396
2.6825
2.822565
2.757639
2.879282
2.698051
2.713777
2.797901
3.040412
2.626113
3.033581
2.792614
2.641625
2.835312
2.807405
2.725173
2.938713
3.049321
2.937199
2.682339
2.886256
2.702043
2.438468
2.820846
2.64104
3.017747
2.787425
2.89437
2.704074
2.52075
2.660754
2.927437
2.688457
2.761366
3.169511
2.284194
2.860017
2.969905
2.743642
2.722534
2.810178
2.835053
3.084761
2.775204
2.803227
2.698456
2.784486
2.740936
2.806395
2.893083
2.812164
2.421489
2.819302
2.761995
3.047532
2.87626
3.027932
2.766776
2.625358
2.731005
2.573884
2.836492
2.913845
2.907405
2.406173
3.299903
2.889917
2.82619
3.086351
2.690006
2.665991
2.851485
3.164838
2.827432
2.877841
2.651834
3.031386
2.878945
2.636311
2.49129
2.930337
2.841328
3.100047
2.999368
2.857696
2.670355
2.639314
2.797002
2.763387
2.710912
2.989023
2.645559
2.408187
2.599552
2.937546
2.614641
2.58168
2.789909
2.727298
3.187094
2.867534
2.548168
2.971945
2.627703
2.819868
2.868765
2.861901
3.237544
2.516998
2.799553
2.717986
2.727975
2.86411
2.59501
2.561716
3.189149
2.884311
3.071817
2.894147
3.213324
2.957424
2.587427
2.317377
2.737712
2.788698
2.439533
2.689401
3.029277
3.010815
2.806312
3.196331
2.954006
2.592568
2.911358
3.138088
2.53802
3.031448
3.198122
3.377173
3.053199
2.762666
3.111859
2.599451
2.99058
3.067398
2.918163
2.878833
3.216723
2.92705
3.275336
2.502782
2.864995
2.405586
2.983982
2.726804
2.66337
3.22346
2.954755
2.725156
2.768239
2.932226
3.080955
2.780625
3.135899
2.712546
3.076443
2.802238
2.758039
2.841253
2.794177
2.415275
2.760611
2.734127
2.694738
2.699256
2.82988
2.964662
3.200634
2.648308
2.954912
2.915192
2.653815
2.988817
2.773175
2.892556
2.690685
2.699135
2.66756
2.650462
2.735554
2.873146
2.658098
3.130539
3.316143
2.589973
2.641311
2.864454
2.660465
2.861547
2.812546
2.965633
2.876689
2.5464
2.789789
2.925453
2.364165
2.7592
2.605051
2.793042
2.65199
2.751599
2.792075
2.64863
2.782051
3.035573
2.838195
3.099168
2.683082
3.072789
2.811735
2.561916
3.155706
2.866001
2.944547
2.506452
2.580322
2.826692
2.855023
2.608768
3.331247
2.692909
2.629757
2.771713
2.752616
2.888807
2.678102
3.022394
2.63359
2.817792
2.911856
2.684871
2.818424
2.817757
2.770908
2.235242
2.918944
2.877101
3.020176
2.813314
3.11135
2.949377
2.706916
2.688492
2.858622
2.735469
2.917145
2.841256
2.952892
2.920724
2.814763
2.909392
2.95135
2.648076
3.225234
2.337875
3.069174
2.965719
2.383626
2.75942
2.439039
2.915219
3.139181
2.672887
2.335368
3.010272
2.545276
2.854011
2.766036
2.966391
2.646889
2.665102
2.81562
2.672484
2.709086
2.234103
2.842336
2.544805
3.121436
2.552432
2.805708
3.218694
2.682304
2.602955
2.838672
3.039267
2.790687
2.953173
2.655099
2.677122
2.374654
2.497658
2.715079
2.668824
2.670667
2.576989
2.474455
2.146545
2.714266
2.903369
2.548475
2.796184
3.120384
2.492605
2.765562
2.885451
2.8045
2.59799
2.707425
2.959733
2.801311
2.726314
3.144906
2.711201
2.742636
2.739503
2.778524
2.865436
2.651622
2.748216
2.986846
3.00996
2.77409
2.622984
2.77211
2.79674
2.571123
2.846453
2.676226
2.688396
2.658915
2.457382
2.678054
2.72931
2.85149
2.777257
2.704899
2.757493
2.822025
2.835258
3.01374
3.278578
2.679256
2.743124
2.591888
2.818483
2.94761
2.563764
2.516242
2.876261
3.052258
2.92191
2.259539
2.819427
2.754436
3.046785
2.861857
2.454523
2.713633
2.406861
2.62857
3.035043
2.76619
2.84465
2.952031
2.938108
2.855352
2.743437
2.999517
2.988399
3.039086
2.849366
2.820956
3.023925
2.720531
2.959599
2.885725
2.724156
2.758701
2.577669
2.922388
3.178841
2.741077
2.606965
2.531408
2.784559
2.968047
2.921984
2.300821
2.783684
2.555557
2.695073
2.906966
2.755555
2.936274
3.024864
2.760648
2.640565
2.781493
2.446312
3.101155
2.784221
2.515784
2.42027
2.67983
2.993475
3.000715
3.359581
2.848848
2.796982
2.922109
3.183303
2.981194
2.698521
2.72696
2.874144
2.539234
3.0747
2.669382
3.211833
2.911654
2.825748
3.083298
2.887033
2.710837
2.486972
2.874017
2.799572
2.950472
2.473163
2.783401
2.549051
2.97475
2.693669
2.66017
3.053747
2.813213
2.91402
2.795843
2.879157
2.899606
2.663497
2.728239
3.065966
3.129159
2.784154
2.746183
2.84814
2.416477
2.773312
2.766004
2.975794
2.900338
2.71764
2.84527
2.993652
2.569375
2.375942
2.997742
2.995411
2.90127
2.989994
2.809308
2.588328
3.06957
2.706177
2.729042
2.761614
2.760874
2.838392
3.083359
3.076737
2.913939
2.742404
2.934411
3.194056
2.872736
2.893188
3.012257
2.713916
2.936427
2.879993
2.425472
2.904059
2.298323
3.272494
2.751394
3.279263
2.599913
2.600097
2.490677
2.715763
2.720253
2.629514
2.845984
2.830109
2.700297
2.883618
2.985405
2.440612
2.817284
2.387669
2.651068
2.190792
2.299246
2.928822
2.796173
2.929433
2.798833
2.935688
2.866478
2.882437
2.740183
3.159732
2.543234
2.679856
2.751639
2.870156
2.586417
2.823675
2.346247
2.592887
2.387687
2.75124
2.536556
3.04761
2.784874
3.106901
3.115399
2.982289
2.857894
2.600602
2.686424
2.839411
3.071795
2.661578
2.840501
2.987464
3.063446
2.949042
3.004005
2.739946
2.884093
2.800565
2.694786
2.30556
2.769666
2.76617
2.570687
2.618159
3.130315
2.862981
2.795172
2.236675
2.824615
3.082598
2.850169
2.411086
2.828856
2.732686
2.991993
2.517992
2.937167
2.825299
2.837093
2.708207
2.750777
3.024152
2.97522
2.950852
2.59709
2.948537
2.860001
3.040647
2.783341
2.787783
2.875769
2.531888
2.898357
2.934593
3.138219
2.881807
2.792597
2.887824
3.019037
2.576134
2.827897
2.562883
2.520744
2.518149
2.525218
2.948783
2.808012
2.90296
2.741583
3.027407
2.489069
2.703092
2.61126
3.087219
2.856013
2.975356
3.020009
2.519865
3.286288
3.431543
2.67049
2.683369
2.851573
2.748537
2.709059
2.3019
3.017763
2.584356
2.6171
2.961421
2.22911
2.816759
2.7167
3.031063
2.904526
2.882393
2.69202
3.329354
2.946568
2.606635
2.85591
2.864288
2.880356
2.797998
2.962039
2.545716
2.766353
2.714726
3.220145
2.748617
2.546324
2.900092
2.970581
3.066892
2.645851
2.566364
2.659503
2.759281
2.895694
2.940027
2.754488
2.422067
2.61071
2.732546
2.792392
2.756315
2.720844
2.639339
2.691422
3.140542
2.487685
3.044893
2.82226
2.627017
2.883901
2.862874
2.779117
2.521145
2.768723
2.919976
2.731541
2.577561
2.876431
2.547931
2.907147
2.888637
2.952884
2.716254
2.849205
3.302788
2.763336
3.124282
2.95258
2.819374
3.162443
2.897201
2.996369
2.990589
2.983603
2.496393
2.979255
3.144518
2.724712
3.067859
2.656861
2.91238
2.613707
2.819173
2.698817
2.531991
2.974442
2.643132
2.836504
2.976667
3.146123
2.661689
2.832237
2.849767
2.753361
2.844898
3.427548
2.761998
2.535971
2.638708
2.877102
3.208991
3.092606
2.887715
2.944374
2.787481
2.82169
3.018312
2.826049
3.094241
2.748529
2.709267
2.799496
2.622019
2.581048
3.070789
2.747629
2.43186
2.27868
2.808134
2.712534
3.085995
2.778747
2.919189
2.807973
2.519827
2.86701
2.860809
2.691768
2.705099
2.744024
3.10791
2.708044
3.123981
2.745734
2.480601
2.973029
3.047217
2.892523
2.947189
2.904739
2.790909
2.485191
2.837934
2.757913
2.549804
2.657017
2.791508
2.791085
2.669618
2.599525
2.718143
2.729813
2.663335
2.533033
2.761045
2.478413
2.691879
2.962857
2.722831
2.560919
2.953618
3.007909
3.29798
2.678996
2.55379
2.87965
2.396318
2.786148
2.70223
2.561704
3.101035
2.917465
2.633776
2.675493
2.673046
2.792932
3.07924
2.722381
2.569445
2.797799
3.197194
2.62001
2.949705
2.735454
2.642259
2.371964
2.690645
2.962022
2.686877
2.230398
3.030558
2.961245
3.037557
2.707415
2.80093
2.867426
3.048926
2.934271
2.636242
2.637307
2.789161
2.800288
2.724207
2.870935
2.679592
3.034332
2.81927
2.887196
2.691145
2.372056
2.864858
3.287281
2.834587
3.077669
2.876739
2.981966
2.708511
2.858746
2.43442
2.917117
2.782126
3.05975
2.541821
2.909526
2.824436
3.038133
2.771206
2.602422
2.589437
3.192658
2.847999
2.893551
2.496709
2.773222
2.885618
2.616115
3.306723
2.701019
2.669033
2.886293
2.784596
2.384062
2.806724
2.650538
2.627204
2.592277
2.731233
2.854801
2.960207
2.827168
3.462366
2.725757
2.591591
2.703428
3.00521
2.905675
2.880093
2.612394
2.563302
2.937367
2.722864
3.121172
2.669504
3.124261
2.86985
2.618924
2.442995
2.798166
2.935818
2.707938
2.734736
2.380874
2.794904
3.048322
2.731666
2.557583
2.61012
2.780399
3.068404
2.898995
2.922222
2.264392
2.515623
2.833179
2.624967
3.123326
2.757159
2.829881
2.832352
2.597879
2.661673
2.818298
3.070837
2.489087
2.41664
2.838259
2.895227
2.952921
2.519926
2.753708
2.836237
2.606696
2.975492
2.813938
2.699934
2.574065
2.937489
2.797374
2.862051
2.843622
2.90675
2.987473
2.879163
2.946348
2.859219
2.750133
2.829026
2.678619
2.688744
2.82498
3.134939
2.663931
2.741606
2.85808
2.695896
2.851427
2.712056
2.629735
2.689205
2.714852
2.65449
2.813209
2.952261
2.65254
2.647233
2.864321
2.637574
2.63783
2.815717
2.713622
3.248758
2.817658
2.61458
2.702942
3.057937
2.537328
2.882064
2.721534
2.649798
2.660572
2.755135
2.716993
2.438102
2.67938
2.68246
3.169685
2.850976
2.87059
3.040857
2.46923
2.851683
2.266128
2.651062
2.628506
3.387504
2.736169
2.868586
2.930458
2.661171
2.501734
2.572103
2.684766
2.840999
2.722352
3.044883
2.759449
2.887819
2.590866
2.799788
2.601447
2.962222
3.051337
2.692898
3.216773
2.755315
2.769177
2.455506
2.855615
2.65558
2.753498
2.90577
2.83556
2.68465
2.485806
2.814056
2.936102
2.620057
2.937925
2.865087
2.757976
2.858831
2.440682
2.587929
2.88482
3.070918
2.967865
2.46899
3.255608
2.760583
2.585388
2.865742
2.940359
3.025453
2.952598
2.628581
2.689724
3.075149
3.017964
2.372321
2.7424
2.686514
2.894137
2.293696
3.024315
3.027958
3.101505
2.418365
3.250184
2.715613
2.752435
2.606535
2.48783
3.11115
2.911319
2.979284
2.856988
2.593227
2.816602
2.760119
2.867139
2.80857
3.136898
3.111393
2.299359
2.801735
3.145586
2.815488
2.715265
3.032564
2.498051
2.919618
2.719867
3.03169
2.933581
2.512431
3.185942
3.03544
2.579259
3.380228
2.997145
2.776087
2.890063
2.914713
2.838907
2.751479
3.077842
2.918705
2.904907
3.134311
2.868691
2.968095
2.797918
2.418586
2.601064
2.848207
3.226814
2.944206
2.765421
2.919505
2.720071
2.86307
2.675159
2.675573
2.381869
2.932214
2.804165
2.852506
2.855155
2.709344
2.985846
3.068436
2.756383
2.749456
2.598391
2.962954
2.862607
3.078415
2.867465
2.791371
3.07749
3.001964
2.850447
3.144618
2.973072
2.904181
2.746569
2.741211
2.526914
2.857171
2.658212
2.52598
2.754157
2.622603
2.446592
2.957384
2.595864
2.745704
2.860711
2.746172
2.819288
2.73084
2.891194
2.926142
2.645154
2.598346
2.615376
2.756535
2.659459
2.887477
2.670248
2.691844
2.830694
2.666556
2.845101
3.01823
2.874132
2.817212
2.819917
3.014228
2.922074
2.704789
2.879913
2.955513
2.38784
2.920516
2.700859
2.872497
2.689806
2.853343
3.075938
2.581309
2.879093
3.069863
3.072344
2.866265
2.908164
2.871612
3.115839
2.977819
2.82057
2.70698
2.625636
2.465854
3.011378
2.706784
2.762867
2.410388
2.748231
2.678781
2.816023
2.857417
2.725558
2.725492
2.726261
2.749274
2.982247
3.134777
2.742816
3.197632
2.58214
2.883668
2.876286
2.804444
2.814403
2.865328
2.701522
3.032728
2.917674
2.86633
2.861738
2.803013
2.648772
2.835184
2.777446
2.795046
2.748894
2.738193
2.723392
2.749195
2.650552
2.844428
2.44575
2.652034
2.863722
2.802571
2.872049
2.732264
3.139578
2.901154
2.796248
2.486941
2.264495
2.80241
2.775884
2.310477
2.579216
2.834141
2.614816
2.657045
2.709192
2.64727
2.472613
2.660529
2.79758
2.879595
2.994748
3.005906
2.950116
2.780358
2.892616
2.920241
2.617791
2.638365
2.888084
2.735212
2.889451
2.726657
2.478607
2.488502
2.472264
2.799214
2.933834
2.949977
3.044206
3.12243
2.957797
3.058513
2.543766
2.501132
2.640444
2.916333
2.731676
2.656853
2.725718
2.633004
2.46094
2.411601
3.169712
2.719736
3.118668
2.59207
2.636677
2.88179
3.253595
2.682789
2.623815
3.14605
2.833768
2.534493
3.103601
2.84287
2.823106
2.536014
2.956548
2.8363
2.973737
2.736427
2.808642
2.516961
3.023317
2.789004
2.716665
2.804177
2.612716
3.021091
2.52613
2.31062
2.884963
2.486745
3.035614
2.601242
2.718639
2.687774
2.810265
3.15924
2.613954
2.602253
2.832239
2.834918
2.667678
2.9248
2.491301
2.760219
2.972345
2.717248
3.012315
2.608715
2.480031
2.901663
2.648614
2.491253
3.180175
3.01301
2.989418
2.690624
3.103849
2.891379
2.554776
2.759572
2.9857
2.863841
2.951942
2.833927
3.033983
3.072808
2.878823
2.861291
2.716128
2.887369
2.923652
2.809369
2.857351
2.833428
2.711865
2.849566
2.622398
2.704057
2.890292
2.947573
3.12761
2.766104
2.452514
2.672982
2.772571
2.782404
2.7877
3.000105
2.867766
2.914163
3.091425
2.839059
2.506373
2.568437
2.936935
2.995245
2.790409
2.465372
2.897151
3.164734
2.74355
2.925746
2.623521
2.824803
2.764246
2.483616
2.747929
2.69384
3.218893
2.993381
2.723268
3.085215
2.92653
2.836385
2.970678
2.640183
2.91921
3.272281
2.271946
3.027325
2.184951
3.034531
2.995152
2.81497
2.853484
2.535053
2.546799
2.756714
2.912173
2.715317
3.042618
2.746607
3.27248
2.618316
2.37513
2.392271
2.558981
2.816232
2.772204
2.804382
2.765824
2.74642
2.685653
2.730105
2.779671
2.395977
2.87797
3.039689
2.966747
3.090374
2.858302
2.759204
2.628446
3.143095
2.653681
2.929212
2.673192
2.82531
2.778006
2.960477
2.422305
2.597547
2.94232
2.900736
2.98802
2.565587
2.526751
2.798777
3.000935
2.796507
3.07205
2.848289
2.856327
2.562016
2.612016
2.692219
2.806897
2.834577
2.88675
2.897895
3.120807
3.001141
2.636183
2.749505
2.62947
2.751687
2.772425
2.670493
2.612514
2.746519
2.853636
2.780413
3.094429
2.411132
2.728296
2.659243
2.904692
2.852984
3.209723
2.858946
2.979511
2.464595
2.929308
2.916217
2.845624
2.989
2.794438
2.896104
2.58562
2.911699
2.97877
2.997876
3.02784
2.370448
2.56431
2.835523
2.761184
2.931094
2.81711
2.796949
2.68976
2.968411
3.23494
2.821676
2.77458
2.494029
2.699347
3.042648
2.41319
2.932243
2.57955
2.518061
2.790373
2.710287
2.764257
2.611239
2.54629
2.54928
2.976749
2.920923
2.640984
2.640705
2.69194
3.020942
2.728655
2.723932
2.662684
2.676542
2.825504
2.789326
2.557844
2.445508
2.78269
3.071752
2.792124
2.965406
2.979724
3.027822
2.514268
2.382028
2.478125
3.055532
2.611101
2.650966
2.89471
3.103791
2.601701
2.95375
2.891885
2.914856
2.758721
2.979963
2.617748
2.572812
2.928561
2.859193
2.916728
2.985336
2.559141
2.842721
2.594267
2.775564
3.042737
3.128307
2.807573
2.659128
3.19474
2.948908
3.005599
2.728242
2.965413
2.751198
2.795873
2.605753
2.947782
2.625139
2.970463
2.852272
2.595377
2.749625
2.554294
2.840658
2.833579
2.60708
2.819814
2.642476
2.738806
2.592353
2.574662
2.647838
3.000165
2.708908
2.981724
2.745131
2.948031
2.479947
2.372182
2.662393
2.948912
2.826612
2.873946
2.556551
2.792936
2.227347
2.604342
2.627765
2.740068
2.585734
2.681137
2.68718
2.650133
2.602217
2.898681
2.727759
2.731984
2.801077
2.604297
2.816762
2.849609
2.538642
2.559969
2.887302
2.58131
3.18931
2.711706
2.967975
2.688206
2.749208
2.786318
2.652393
2.798915
2.795577
2.933589
2.611246
3.014829
2.560488
2.707027
2.991887
2.399446
2.880753
2.505453
2.818122
2.491868
2.539915
2.599363
2.650295
2.901734
2.804715
2.85858
3.048036
2.512827
2.907961
2.626841
2.941441
2.823793
2.773493
3.027597
2.735203
2.746529
2.811025
2.799722
3.266286
2.740291
3.255108
2.591178
2.614207
2.598811
2.719065
2.912064
2.985342
2.620508
3.099804
2.874769
2.871012
3.057532
2.970613
2.870712
2.603112
2.643017
2.834394
2.635585
2.71157
2.667292
2.709313
3.109858
2.767402
2.867442
2.804398
2.841826
2.991018
2.613755
2.669993
2.995372
2.756381
2.826194
2.624789
2.659224
2.942613
3.130472
2.532654
2.596275
2.75499
2.963547
3.008303
2.639295
2.821646
2.677806
2.94518
3.207192
2.613042
2.770364
2.610992
2.748459
2.886233
2.930075
2.860805
2.973196
3.225549
2.7469
2.759014
2.888907
2.826666
2.744137
2.797887
2.493012
2.843526
2.764249
2.544471
2.713646
2.448625
3.024665
3.062052
2.94339
2.730016
2.894067
3.003743
2.67837
2.523287
2.60547
2.334224
2.794971
2.974956
3.01434
2.809021
2.890672
2.580909
2.644958
2.949645
2.519122
3.050365
2.743192
3.088815
2.727906
2.902523
2.746998
2.970641
2.501805
2.520781
2.834397
2.691434
2.606549
2.641858
2.759412
2.668479
2.793917
2.914113
2.786175
2.75922
2.741954
2.781638
2.728474
2.817269
2.467561
3.007974
2.83949
2.659071
2.791448
2.833215
2.771389
2.825383
2.214394
3.345137
2.631313
3.049849
2.905074
3.002819
2.728496
2.933802
2.566248
2.710401
2.65179
2.566247
2.588536
2.825491
2.761337
3.209424
2.834707
2.696335
2.541321
3.037551
2.881192
2.71457
2.786765
2.545366
2.857119
3.144722
3.050213
2.96667
2.691078
2.770782
2.640835
2.741593
2.900822
2.699587
2.686639
2.80646
2.785549
2.537457
2.434307
2.777886
2.951824
2.701644
2.485464
2.953623
2.993248
2.806427
2.747456
2.725019
2.656096
2.839125
2.644329
2.742063
2.798407
3.0084
2.928534
2.982337
2.95797
2.738266
2.754254
2.570358
2.677549
2.678256
3.126457
2.69755
2.947412
2.807386
2.346133
2.950131
2.88838
3.027632
2.846165
3.044509
2.795782
2.823984
2.87072
2.890207
2.640178
2.435897
2.475255
2.697309
2.664436
2.807653
2.818968
2.824179
2.816574
2.511317
2.92314
2.526092
2.746675
2.920289
2.823854
2.972936
3.216135
2.346219
2.57781
2.516861
2.937158
2.785263
2.755345
2.683134
2.501664
2.612755
2.895418
2.905962
2.890482
2.491162
2.970548
2.858907
3.050026
2.935085
2.587868
2.752258
2.619767
2.950553
2.467201
2.734309
2.785113
2.924084
2.672338
2.838744
2.577128
2.71925
2.898901
2.35084
2.847353
2.754253
2.774053
2.6453
2.906417
2.821201
3.014982
2.804093
2.651664
2.491018
2.731689
2.923744
3.000103
2.806806
2.829464
2.951159
2.796567
2.917168
2.626282
2.68067
2.477984
2.910737
2.951558
2.926643
2.96358
3.149297
2.724672
2.937799
2.408535
2.844805
2.791152
2.887429
2.835355
2.834734
2.875661
2.777504
2.710084
2.874269
2.611235
2.893134
2.795422
3.070318
2.532575
3.23513
3.085433
2.704957
2.736292
2.820289
2.941727
2.926471
2.825045
2.790882
2.755222
2.496068
2.57607
2.558806
2.625053
3.082027
2.759315
2.448428
2.605652
2.846555
2.738953
2.261811
3.08888
2.775075
2.384585
3.103145
2.538427
2.775924
2.620866
2.834263
2.881202
2.513062
2.728229
2.520339
3.021644
2.661648
3.186417
2.76615
2.795563
2.906046
2.777911
2.66551
2.496768
2.733352
3.259076
3.007652
2.846151
2.964854
2.794519
2.437811
2.837259
2.290654
2.446985
2.772726
3.08364
2.663946
2.495979
2.298313
2.898828
3.164767
2.544538
2.767633
2.912935
2.921565
2.726292
2.468908
2.846607
2.686722
3.076272
2.646655
2.66176
3.160024
2.469394
2.484342
2.982884
2.851271
2.949025
2.4593
2.784382
2.8176
2.927474
2.260256
3.09534
2.980807
2.740536
3.028154
2.71929
2.89904
2.559851
2.904472
2.719231
2.926866
2.874627
2.733825
2.858356
2.905267
2.812352
2.901966
2.899881
3.042624
2.941031
2.643306
2.636112
2.691163
2.772057
2.740233
2.574144
3.140228
2.558196
2.878946
2.623741
2.900591
2.554886
2.463155
2.637289
2.908192
2.933033
2.63006
2.372651
2.786518
2.566028
2.639855
2.883227
2.42926
2.95659
2.918573
2.93403
3.016769
2.863427
2.753526
3.146808
2.954787
2.598273
2.478807
2.76122
3.161076
2.560111
2.877492
2.601342
2.626746
2.799168
2.881633
2.578139
2.74705
2.988362
2.604844
2.815647
2.751876
2.799695
2.943357
2.415474
2.737778
2.663811
2.586204
2.846315
3.359909
3.11466
3.136222
2.898376
2.760311
2.818749
2.889505
2.49822
2.69145
2.711521
2.962939
2.638376
2.641097
2.472627
2.579873
2.422743
2.775396
2.812406
2.530741
2.808348
2.912342
3.013299
2.740781
2.474417
2.359235
2.849644
2.95669
2.898751
2.616538
2.795905
3.001956
2.10403
2.982424
3.31602
2.30945
2.861532
2.714348
2.239267
2.805846
2.941622
3.116642
3.104082
2.83312
2.899733
2.683981
2.947928
2.481196
2.562111
2.897235
2.8149
2.541894
2.822409
2.862453
2.915329
2.776918
2.679683
2.856943
2.944397
2.995804
2.967169
2.780425
2.624
2.686835
3.142109
2.731058
2.735078
2.353233
2.463507
2.97644
2.975663
3.047277
2.875274
2.834725
2.855939
3.203247
3.073689
2.937619
3.009821
3.002263
2.850238
3.085169
2.602341
2.706592
2.484881
2.531574
2.977262
2.651335
2.980616
2.864719
2.424789
2.832701
2.945375
2.887876
3.11635
2.765423
2.754336
2.753618
2.793303
2.626931
2.520367
2.882536
2.582559
2.90141
2.885939
2.824911
3.232215
2.998794
2.730185
2.974398
2.524395
2.832366
2.590128
2.956012
2.517892
2.725363
2.627847
2.957937
2.622478
2.651394
3.320591
3.035947
2.603448
2.565622
2.733371
2.975124
2.740338
2.858515
2.528031
2.528916
2.573945
3.056654
3.065294
3.063246
2.79285
2.637156
2.747103
2.787651
2.765817
2.806716
2.637153
2.967752
2.959191
2.762195
3.00152
2.927974
2.974744
2.419548
3.030374
2.947378
2.532639
2.68134
3.02545
2.833937
2.615351
2.645424
2.641592
3.083207
2.379651
3.014514
3.026515
3.241824
2.82022
2.607209
2.808117
3.031471
2.822451
2.730807
3.061448
2.757624
2.444926
2.642241
2.628081
2.64478
2.786717
2.721712
2.890732
2.773354
2.809696
2.509447
2.777891
3.016713
2.706474
2.754099
2.729648
2.542162
2.64864
2.940563
2.805328
2.561751
3.028355
2.985391
3.085566
2.851261
2.963721
2.761324
2.739721
2.618298
2.373308
2.459525
3.226834
2.706306
2.680199
2.654552
2.864764
2.888969
3.107022
2.588225
2.8813
2.859426
2.991897
2.729119
2.685156
2.705763
3.138209
2.939471
2.749459
2.827228
3.098953
2.521286
3.083997
2.875894
2.422418
2.821464
3.073679
2.784958
2.538145
2.488983
2.73254
2.930402
2.672391
2.595379
2.781302
2.534894
3.004119
2.76214
2.86502
2.473329
2.902752
3.159753
2.358217
2.647233
2.903108
2.783854
2.943557
2.719367
3.034681
2.985617
2.759377
2.773412
2.606847
2.93466
3.047676
2.531768
2.916623
3.015547
2.481337
2.86406
2.517648
2.638911
2.852041
2.375715
2.493831
2.529999
2.688009
2.822709
3.367493
2.730467
2.792554
2.64197
2.628888
2.629124
2.50303
2.859236
2.85281
2.752426
2.842488
2.430075
3.229738
2.652893
2.653893
2.657606
2.73137
3.076793
2.410196
3.185899
2.38841
2.434933
2.593747
2.904269
2.581946
3.086908
2.666864
2.806988
2.642453
2.543547
2.41188
2.869317
2.942324
3.064421
2.701878
2.798588
2.795389
3.240814
2.69159
2.808015
2.786074
3.104981
2.755683
3.097273
3.328801
3.035446
2.708186
2.721787
3.031003
2.930242
3.000682
2.756344
2.927591
2.969153
2.87656
2.955143
2.955924
3.190059
2.64878
2.57082
2.88165
3.020996
2.553042
2.972607
2.938932
2.879401
2.899634
2.769653
2.787875
2.905663
3.003493
2.848324
2.82236
2.88006
3.108211
3.01858
2.889003
2.463977
2.692081
2.653124
2.901244
2.534788
3.12861
2.813667
2.552116
3.004569
2.86156
2.91984
2.784849
2.526547
2.746581
2.937733
2.911488
2.557437
2.685443
2.717318
3.112239
3.00858
2.97619
2.618128
2.708616
2.780915
3.070641
2.858295
3.248409
2.844747
2.909206
2.468636
3.050413
2.908476
2.82285
2.91919
3.025489
2.882795
3.024499
2.545605
2.642563
3.03995
2.327987
2.924817
2.97795
2.472752
2.574415
2.658552
2.771993
2.786069
2.739473
2.534892
2.674819
2.907738
2.868327
2.723634
2.875596
2.710278
2.948586
3.116514
2.763326
3.039816
2.763414
3.251833
2.711521
2.781622
2.909275
2.612118
2.732941
2.792889
2.823801
2.845913
2.806079
3.06998
2.839391
3.114175
3.189106
3.192453
2.832012
2.688835
2.463794
2.87302
2.77171
2.960467
3.238065
2.808729
2.949843
2.761352
2.715593
2.79807
2.692998
2.973345
2.567285
2.67282
2.677962
2.623119
2.835223
2.685632
3.096187
2.730403
2.879646
2.630832
2.632369
2.776147
2.767295
2.730207
2.649546
2.820039
2.792954
2.544327
2.700338
2.697341
2.709689
2.703125
2.798593
3.01134
2.837033
2.662025
2.498192
2.582332
2.798527
3.04194
2.847536
2.858133
3.045336
2.666073
3.023177
3.045677
3.046917
3.11115
2.663489
2.767982
3.131595
2.955184
3.028161
2.892378
3.058491
3.115004
2.452933
2.79318
3.07164
2.473705
3.072262
2.624073
2.865406
2.771854
2.818258
2.878724
2.420694
2.755299
2.667416
2.708443
2.971384
2.49148
2.705556
3.262331
2.982284
2.79793
2.640229
2.852282
3.052625
2.550667
2.468007
2.950997
2.774044
2.291148
2.603391
2.868926
3.510793
2.633167
2.493804
2.606755
2.616311
2.51082
2.760227
3.16172
3.028024
2.745877
2.890231
2.921543
3.087869
2.475224
2.694155
2.723581
3.019484
2.926518
2.632202
2.989203
2.625299
2.764398
2.68016
2.507176
2.929108
2.825825
3.230244
2.584401
2.604475
2.70223
3.0988
3.01135
2.528195
3.239615
2.743117
2.669704
2.932413
2.745445
2.718901
2.813144
2.853895
3.17819
2.565832
2.70151
2.75465
2.930998
2.87557
2.761057
2.898859
2.838327
2.635056
2.554339
2.832724
2.739945
2.676152
2.901071
2.896518
3.4417
3.217788
2.533653
2.848338
3.015521
2.464525
2.63542
2.885297
2.870871
3.015488
3.017851
2.35609
2.766669
3.071052
2.538248
2.832684
2.574888
2.920867
2.795009
2.920589
2.909174
2.780987
2.399986
3.10756
3.053401
2.846298
2.958943
2.825801
3.025527
2.900296
2.874889
2.541241
2.875292
2.717789
2.92297
2.787968
2.582829
2.672366
2.52218
3.326157
2.692185
2.575178
2.862615
3.090611
2.936547
2.875062
2.956936
2.605883
2.685685
2.66834
2.921883
2.849291
2.991021
3.010837
2.557148
2.994965
2.759943
2.783185
2.688127
2.852999
2.985772
3.032174
2.927938
2.611385
2.835315
3.070674
2.668892
2.901127
2.85184
2.942965
2.504373
2.59255
2.839298
2.815498
2.716259
2.737818
2.780847
2.708619
3.132978
2.863452
3.036365
2.922867
2.754011
2.727298
2.956147
2.754888
2.73482
2.750677
2.840291
2.730936
2.859124
3.027863
2.615455
2.703468
2.929562
2.814553
2.94199
2.834521
2.73402
2.499769
2.913601
3.06967
2.692537
2.652204
2.695693
2.719359
2.748522
2.659144
2.512505
2.716672
2.799651
2.978797
2.460944
2.920627
2.74018
3.040485
2.628571
2.77572
3.091373
2.857898
2.83612
3.089589
2.610075
2.893809
2.655493
2.770422
2.751433
2.729575
2.707188
2.692136
3.042255
3.044679
3.054509
2.590594
2.747543
2.936986
2.833217
3.046194
2.595816
2.891265
2.549011
2.790016
2.85385
2.659786
2.720913
2.481002
2.981314
2.876013
2.893415
2.508878
2.75788
2.599811
2.848862
2.758564
2.755781
3.143334
2.640734
3.066018
2.542371
2.945386
2.58015
2.739522
2.44818
2.654131
2.684494
2.583416
2.555067
2.833802
2.797259
2.702314
2.810327
2.835325
2.270663
2.850963
3.279638
2.852164
3.027272
2.877925
2.511491
2.88377
2.550368
2.979681
2.862345
2.69331
2.728704
2.820891
2.64451
2.801493
2.897953
2.525168
2.741475
2.85161
2.91818
2.526373
3.151152
2.866533
2.801946
2.68449
2.37358
2.963093
2.765699
2.475802
2.534804
2.803156
2.582329
3.004405
2.581584
2.687917
2.662147
2.743188
2.724575
2.357682
2.639512
2.712164
2.644563
3.024528
2.829287
3.048368
2.954288
3.376721
2.404641
2.949251
2.698247
2.911832
2.615155
2.889545
2.814793
2.748494
2.793764
2.319906
2.746914
2.707997
3.084255
3.086565
2.766389
2.910017
2.954477
2.908022
3.134474
2.865828
2.764174
2.957362
2.97261
2.571203
2.583161
2.521205
2.847476
2.781272
2.777897
2.745956
2.759141
2.705889
2.944449
2.636568
2.95736
2.851493
2.899962
2.874302
2.942674
2.827059
2.804315
2.652837
2.681482
2.535746
2.896296
2.530366
2.786891
3.003185
2.923067
2.301689
3.092525
2.808684
2.844731
2.668266
2.744087
2.986258
2.68525
3.074071
2.622885
2.886848
2.612774
2.547538
2.578454
2.550922
2.545297
3.05598
2.581193
2.682194
2.799269
2.793208
2.626173
2.439994
2.812395
2.557438
2.777917
3.078269
2.816526
2.38973
2.674285
2.916551
2.74803
2.523353
2.556787
2.693092
3.016503
2.853478
2.754359
2.554639
2.939074
2.705103
3.072512
2.752067
2.71435
2.924882
2.768746
2.749919
2.672596
2.792678
2.584918
2.417535
2.815522
2.756444
3.041292
2.696416
2.873211
2.729684
3.017674
2.459779
2.704354
2.705154
2.624804
3.060996
2.522999
2.755957
2.570868
2.669968
2.626505
2.985903
2.864936
2.93447
2.734299
2.650753
2.82791
2.760087
2.510066
2.958599
2.712922
2.452982
2.714294
2.748031
2.855873
2.683751
2.920005
2.836737
2.901509
2.861932
2.82696
3.073145
2.659727
2.528764
3.020293
3.26579
2.805714
2.572651
2.49374
2.586366
3.450108
2.806522
2.89204
3.004514
3.049035
2.718565
2.644728
2.83954
3.016405
2.587884
3.073162
2.99085
2.766397
2.725702
3.064472
3.061702
2.723729
2.250839
2.360146
2.606869
2.707987
2.825094
3.039052
2.590245
2.979543
3.052571
2.986586
2.806645
2.513112
2.646764
2.842605
2.766452
2.783428
3.02957
2.631961
2.994836
3.111516
2.434765
2.851494
3.017734
2.614854
2.694839
2.591431
2.699862
2.812476
2.696612
2.827225
3.291893
2.753353
2.7096
2.797999
3.048142
2.53273
2.649402
2.810125
2.711533
2.705267
2.652094
2.832821
3.057091
2.563135
2.640745
2.79171
2.728414
2.700498
2.650058
2.759244
2.739592
2.599701
2.909885
2.580453
3.035184
2.881726
2.567171
3.078839
2.775026
2.58875
2.539406
3.104224
2.989073
2.694757
2.756143
2.536783
2.654123
2.761455
3.153145
3.067391
2.942128
2.548641
3.065662
2.990062
3.011605
2.731034
2.184405
2.860836
2.77599
3.171081
2.634406
2.837942
3.065048
2.908739
2.765768
2.584921
3.193981
2.808055
2.759771
2.720853
2.849631
2.694669
2.782667
2.352724
3.056062
2.99497
2.960573
2.686716
2.651962
2.862653
2.657642
3.056643
2.874972
2.986526
2.825008
2.68848
2.726722
2.607327
2.817815
2.685728
2.880049
2.481318
3.05237
2.450313
2.761536
2.777648
2.737782
2.636859
2.670397
2.770382
2.821307
2.926616
2.950595
2.530915
2.577117
2.825947
2.898968
3.138901
3.035459
2.941244
3.070305
2.674903
2.778695
2.942565
2.895138
2.490363
2.885926
2.806389
3.191393
2.891199
3.088617
2.945554
2.868806
2.61143
3.019054
2.760788
2.723474
2.756501
2.887724
3.050307
2.885402
2.534715
2.839667
2.92598
2.853845
2.721443
3.010089
3.026918
2.888655
3.008106
2.989069
2.969609
2.749877
2.45209
2.821671
2.793965
2.841857
2.541826
2.631439
2.738908
2.962135
2.938167
2.721365
2.957533
2.752084
2.717685
2.565491
2.861367
2.570238
2.567921
2.895315
2.747527
2.727654
2.802908
2.846751
2.830843
2.967185
2.490669
2.424586
2.773959
2.887221
2.744253
3.250357
3.020846
2.813515
2.76668
2.545493
2.849915
2.952201
2.89212
2.735527
2.987309
2.765726
2.915199
2.892903
2.884961
2.589028
3.034054
2.654865
2.75694
2.861687
3.258768
2.8617
3.156143
2.856074
2.690679
2.517967
3.090645
3.007844
2.75237
2.541735
3.005494
2.541616
3.070244
2.748358
2.529703
2.473062
2.710627
2.984972
3.054254
2.555487
2.862415
2.648542
3.195764
3.046405
3.073168
3.049891
2.774997
2.623281
2.805485
2.952769
2.803596
2.987532
2.759514
2.848395
2.776768
2.782925
2.826255
2.453191
2.880521
2.850016
2.803322
2.956112
2.90141
2.60207
2.581044
2.924451
2.900702
2.950418
2.617794
2.91198
2.695588
2.424481
2.483756
2.54058
2.823694
2.491591
2.671563
2.742038
2.94818
2.354865
2.834503
3.029552
3.01793
2.580325
2.420865
2.739813
2.525257
2.673559
2.848746
2.9707
2.684016
2.887655
2.835758
3.298023
3.032843
2.77633
2.740727
2.843795
2.469344
2.989035
2.817184
2.767494
3.014452
2.685004
2.892678
2.920427
2.793716
2.909239
2.796273
3.012249
3.173104
2.680933
3.117528
3.004038
2.685984
2.645787
2.84831
2.792139
3.144455
2.738452
2.887711
2.562301
2.656532
3.067922
2.772963
2.476409
2.854914
2.756445
3.347846
2.748302
3.136677
2.738548
2.961168
2.852966
2.67334
2.944927
2.594917
2.679455
2.692993
2.671394
2.745236
3.085642
2.801423
3.113469
2.743001
2.84776
2.871362
3.132621
2.784444
2.529442
2.791715
2.580872
2.807886
3.052107
2.804508
2.667488
2.814188
2.906507
3.040732
2.97274
2.953979
2.939578
2.938887
2.693822
2.933187
2.685443
2.626687
2.851753
2.632223
2.508084
3.036892
2.458229
2.924659
2.710665
2.865047
2.885453
2.962016
2.772014
2.608766
2.995702
2.503233
2.621491
2.710063
2.585653
3.091428
2.613934
2.594563
2.753166
2.744252
2.666654
2.653411
2.738022
2.799891
2.679214
2.771037
2.475054
2.628248
3.050289
2.983314
2.682412
2.931722
3.018677
2.302479
2.514065
3.142537
2.863975
3.20588
2.790811
2.768803
3.239531
2.721724
2.856136
2.875138
2.911279
3.246145
2.577556
2.730607
2.880426
3.078714
2.375808
2.604248
2.921667
3.128916
2.779774
2.785662
2.334842
2.752167
2.898131
2.727909
2.946034
2.811592
2.923297
3.139976
2.64014
2.510148
2.620951
2.601726
2.562607
2.693259
2.737649
3.037148
2.651396
2.950804
2.886177
2.861857
2.794942
2.623216
2.673307
2.732921
2.717889
3.088619
2.57743
2.644465
2.78916
2.965486
2.738288
2.630994
2.712081
2.801003
2.95841
2.606744
2.56308
2.869232
2.829726
3.038986
2.986416
2.647436
2.795066
2.83917
2.823865
2.684208
2.848588
2.654541
2.62996
2.982639
2.925671
2.901905
2.968842
2.793625
2.425588
2.858845
2.777863
2.339108
2.947367
2.693665
2.720133
2.493238
2.735988
2.913283
2.662765
2.778059
2.908733
2.870551
2.419259
3.047683
2.640841
2.621457
2.794275
2.832727
3.239726
2.965582
2.726281
2.891357
2.915045
2.630151
2.748445
2.465325
2.984446
2.749577
3.082109
2.767007
2.941433
2.580394
2.646303
2.868321
2.799197
2.670235
2.703017
3.011441
2.825643
2.786694
2.358152
2.84015
2.743913
2.815212
2.711294
2.798567
2.593211
2.62851
2.72519
2.738101
2.867202
2.728484
2.558287
2.595406
3.211013
2.764646
2.777692
2.543159
2.828201
2.946656
2.715179
2.95933
2.636461
2.777417
2.167853
2.594383
2.899069
2.645663
2.902095
2.571212
2.650708
2.805836
3.038446
2.41238
2.610661
3.035453
2.567357
2.674675
2.785135
2.770212
2.594033
2.965571
2.979121
3.028577
3.088729
2.361736
2.802575
2.636638
3.028344
2.735296
3.05501
3.097796
2.723027
2.653027
2.667325
2.767981
2.884482
2.869079
2.763074
2.742463
2.62843
2.503929
2.926354
2.783356
2.736159
2.666663
2.986151
2.871428
3.057059
2.632115
2.622787
2.954039
2.664729
2.936641
2.688441
2.897588
2.729001
2.994999
2.708996
3.178826
2.805567
2.916684
2.876511
3.03802
3.013453
2.931049
3.0144
2.548448
2.87699
2.601607
3.128123
2.794675
2.265711
2.507105
2.742845
2.691781
2.849827
3.118356
3.051779
2.919139
2.878311
2.945664
2.884209
2.758392
2.856389
2.85381
3.042284
2.679102
2.821149
2.829001
2.946277
2.711408
2.86535
3.016252
2.701121
2.55738
3.254941
2.921567
3.092827
2.762107
2.597346
2.860548
2.75761
2.672428
2.813232
2.570404
2.688009
2.559867
2.942466
2.779294
2.599836
2.672921
2.976312
2.914703
2.568603
2.648415
3.09646
2.912171
2.380038
2.645355
2.605225
2.970657
2.582949
3.131299
3.139936
2.5241
2.814449
2.622952
2.977931
2.844087
2.807688
2.551836
2.879041
2.711216
2.681151
2.975185
2.566861
3.05307
2.702634
3.157908
2.57827
2.826725
2.966302
2.503707
3.160177
2.565901
3.173055
2.825954
2.729073
2.80063
2.945415
2.76679
2.404958
2.741156
2.991489
2.903994
2.684061
2.62532
2.665781
2.783183
2.716603
2.674812
2.792981
2.62792
2.699085
3.006164
2.632863
2.992751
2.921476
2.778972
2.743222
2.599073
2.525136
3.121049
2.591201
2.708673
2.33025
2.765371
2.94942
2.7969
2.845018
2.747527
2.985687
2.621489
2.811287
2.668868
3.298677
2.727937
2.321749
2.741031
2.647208
2.464529
2.733436
2.61669
2.48731
2.869712
2.607427
2.621377
2.755255
2.803237
2.807316
2.948726
2.878228
3.141464
2.57836
2.417765
2.943238
2.750054
2.693856
2.598076
2.732221
3.145906
2.895254
2.586004
2.77141
2.587149
3.307139
2.699818
2.631802
2.634994
2.772744
2.537329
2.848206
2.703545
2.938311
2.43816
2.844504
2.903081
2.705788
2.906887
2.783453
2.631236
2.923888
2.460753
2.520311
2.919421
2.61285
2.840154
2.827137
2.987338
2.704742
2.773311
2.593628
2.786017
3.211725
2.899689
2.752008
2.844699
2.947688
2.722359
2.683718
2.548077
2.688771
3.079372
3.094223
2.719428
3.067577
2.767842
2.512031
2.973434
3.045872
2.654652
3.14803
2.664879
2.870117
2.449632
3.330249
2.702219
3.068723
2.47912
2.722636
2.931939
2.804113
2.678578
2.849735
2.974001
2.339394
3.341578
2.677514
2.89271
2.59685
2.752253
3.20388
2.835352
2.881368
2.705987
2.691825
2.882317
2.528144
2.905913
3.236509
2.951605
2.818953
2.916087
2.762706
2.809355
2.647025
2.890844
3.07064
2.656338
2.991164
2.786611
2.672282
2.611434
2.762554
2.92917
2.593363
2.861515
2.722766
3.038292
2.957143
2.828745
2.778806
2.355014
2.977795
2.928745
3.093465
3.029912
2.576406
2.5564
2.349093
2.89469
2.812468
2.725643
3.210734
2.889526
2.756252
2.894587
2.956372
2.532923
2.526958
2.961525
2.449902
2.45693
2.97091
2.85371
2.587133
2.664893
2.769974
2.69461
2.82513
2.666002
2.885592
2.881034
2.718374
2.534872
2.855317
2.927468
2.312753
2.872408
2.927435
2.923631
2.863917
3.134017
2.695429
2.749542
2.818651
2.916071
2.840711
2.753213
2.699042
3.024974
2.718802
2.869227
2.789118
3.318289
2.962782
2.717034
2.7226
2.657599
2.88582
2.607741
2.616983
2.913367
2.835688
3.316449
2.079581
2.639521
2.910582
2.749911
2.423512
2.57455
2.59153
2.842767
2.478226
2.626672
2.801408
2.619207
2.579569
2.90622
3.347471
2.727376
3.129518
3.270512
2.954022
2.862736
3.033029
2.886683
3.026718
2.575352
2.966279
2.971561
2.371154
2.796491
2.714817
2.708502
2.830379
2.792539
2.599023
2.178638
2.758076
2.973848
2.755435
2.958895
2.333315
2.680513
2.952538
2.746076
2.663895
2.957986
3.223652
2.842769
2.752212
2.846679
2.918024
2.824903
2.62392
2.961429
2.935661
3.050339
2.813379
2.892419
2.858873
3.000079
2.406588
2.68144
2.689954
2.690304
3.129596
2.718957
3.038628
2.70207
2.743491
2.616976
2.731746
2.368703
2.972439
2.866773
2.797096
3.046826
2.90008
2.976979
2.596397
2.769841
2.789265
2.742561
2.619886
2.847945
2.875739
2.746223
2.638601
2.817762
2.733753
2.988953
2.827573
2.874115
2.636466
2.615277
3.037184
2.777849
2.999531
2.759539
2.669774
2.955892
3.002022
2.438555
2.908314
2.898966
2.690803
3.088324
2.465472
2.634502
2.785755
2.763204
2.693145
2.680021
2.953959
2.706207
2.694221
3.070879
2.937091
2.97971
2.901949
2.639039
3.048975
2.932522
2.62939
2.600936
3.06493
2.698309
2.681586
2.328377
2.836517
2.916613
2.692419
2.803646
2.746417
2.746242
2.988334
2.793253
2.941726
2.697099
2.963506
3.076665
2.506902
2.756132
2.804717
2.720844
2.517154
3.082389
2.526836
2.801367
3.114739
2.588421
2.640147
2.779817
3.204106
3.237802
2.79499
2.498283
2.772458
2.896889
2.729247
2.727077
3.177968
2.652063
2.728884
2.470747
2.463647
3.020938
3.284401
2.992632
2.60092
2.610299
2.751536
2.894558
2.737224
2.821915
3.018236
3.269692
2.912057
2.877216
3.458161
2.921034
2.77476
2.916297
2.706435
2.693106
2.805292
2.674529
3.039988
2.845801
3.214655
2.910334
2.847178
2.838337
3.139417
2.620037
3.12181
3.049019
2.921276
2.756818
2.841868
2.890007
3.211278
2.753476
3.010782
2.853713
3.041177
2.969892
2.714676
2.946439
2.929994
2.714702
2.925934
2.765608
3.241907
2.841994
2.615574
2.694417
2.893451
2.967571
2.968824
2.890934
2.852936
2.978404
2.565649
2.790149
2.635546
2.61292
2.919842
3.005551
2.591244
2.696096
2.864261
2.570122
2.725235
2.696277
3.04717
3.289147
2.890157
2.84188
2.673826
2.97162
2.620365
2.702954
3.089309
2.806781
3.00571
2.665893
2.798435
2.979704
2.843915
2.758038
2.987674
2.755656
2.511787
3.083347
3.012245
2.817388
2.781346
2.730864
2.936895
2.514766
3.20859
2.64546
2.707136
2.981326
2.559133
2.938884
2.691031
2.610014
2.895136
2.702126
2.833225
2.825104
2.449385
2.483143
2.500402
2.888571
2.687023
2.725308
2.768313
2.701559
3.10134
2.856294
2.451115
2.544376
2.528454
2.995691
2.885587
2.820222
2.617028
3.049705
2.940346
2.789305
3.085289
3.055453
2.724633
2.721114
2.509341
2.846195
3.081559
2.666999
2.961109
2.781155
2.785161
2.937112
2.476623
2.697423
2.644126
2.975719
2.836732
3.021978
3.01186
3.092771
3.013616
2.698649
2.381633
2.506711
2.78373
3.121385
2.818519
3.119767
2.914392
2.595459
3.031423
3.003512
2.557097
2.851173
2.829315
2.53067
2.830714
2.896356
2.666173
2.400735
2.846527
2.476113
2.960121
2.468157
2.9695
2.896479
2.897562
2.545638
2.505424
2.684411
2.549953
2.545369
3.00016
3.203482
2.896726
2.550839
2.943692
2.680094
2.690503
2.544807
3.062653
2.838717
2.974464
2.938929
2.549538
2.309149
2.90903
2.936253
3.134282
2.698276
2.710271
2.703829
2.894157
2.703692
3.248815
2.782125
2.707205
2.975792
2.783875
2.564194
2.877015
3.006551
2.828104
2.82534
3.00369
3.55164
2.890388
3.118723
2.877615
2.833426
2.985932
2.555624
2.71803
2.67607
2.855062
3.061897
2.587395
2.615911
2.905163
2.700764
3.070224
2.975228
2.638748
2.475085
2.888513
2.812705
2.760118
3.283745
2.508898
2.964845
2.657443
2.881283
2.746363
2.98941
2.629008
2.861865
2.646845
2.460454
3.293884
2.75746
2.815671
2.803042
2.881702
3.047441
2.752209
2.874707
2.929908
2.840101
2.845693
2.993596
2.803428
3.017312
2.403315
2.704036
2.85149
2.510949
2.73673
2.705407
2.731135
2.755577
2.832591
2.848269
3.222105
2.88527
2.740294
3.236631
3.130308
2.746573
2.796466
2.860433
2.939418
2.830724
2.965681
2.916153
2.745586
2.879352
2.783066
2.602462
3.045548
3.167755
3.126222
2.632143
3.028019
2.882076
2.9645
3.051933
2.809502
3.116132
2.915788
2.971489
2.697747
2.959481
2.822958
2.725305
2.629532
3.143359
2.664754
2.729151
2.972464
2.282409
2.658595
3.11597
2.876328
2.642321
2.915237
2.853556
2.819794
2.724425
2.848267
3.099598
3.040426
2.811986
3.007747
2.89855
2.770708
2.827967
3.235979
2.544982
2.75092
2.987773
3.013321
2.860906
2.719764
2.616277
2.658546
2.697756
2.621189
3.000731
2.708287
2.451008
2.778425
3.069799
2.672709
2.549167
3.189469
2.613255
2.888187
3.091017
3.132311
2.531728
2.749694
2.767986
2.745964
2.810416
2.763483
2.60933
3.021758
2.630238
2.740196
2.879869
2.548137
2.86015
2.818514
2.77012
2.835336
2.825083
2.401975
2.469492
2.714102
2.777512
3.030623
2.673796
2.636913
2.952108
2.759398
2.986874
2.632966
2.455701
2.621858
2.735674
2.780663
2.59908
2.644532
2.813662
2.99482
2.795895
2.918399
2.624642
3.048994
2.902536
2.454683
2.774061
2.546221
2.972486
3.08007
2.627637
2.970999
2.933299
2.889461
2.836503
2.793885
2.769546
2.866115
2.649295
2.574998
2.72013
2.630185
2.956763
3.039288
2.831452
2.878586
2.877365
3.104742
2.654168
2.959894
2.604833
2.958502
3.102877
3.052461
2.802711
3.016226
2.934788
2.775257
2.520875
2.7962
2.670544
3.030044
2.810059
2.987315
2.457775
2.572256
3.349816
2.681979
2.782402
2.539757
2.874933
2.53907
2.948267
2.574351
3.006763
3.05925
3.010803
3.011747
2.631456
2.978065
2.566055
2.930599
3.025867
2.738757
2.831102
3.007953
2.751351
3.020892
2.724847
2.350682
2.711666
2.803652
3.278276
2.418251
2.61446
3.18465
2.88054
2.847831
2.986135
2.933586
2.937601
2.832754
3.091192
2.905638
3.145225
2.660026
2.868521
2.93691
2.896429
2.673802
2.82667
3.219794
2.830893
2.693807
3.084319
2.84396
2.730866
2.912437
2.878025
3.029093
2.340741
2.633279
2.743508
2.852326